%YAML:1.0
R: !!opencv-matrix
   rows: 3
   cols: 3
   dt: d
   data: [ 9.999e-01, -2.6787e-04,
       1.24e-02, 1.34e-04,
       9.999e-01, 1.08e-02,
       -1.24e-02, -1.08e-02,
       9.999e-01 ]
T: !!opencv-matrix
   rows: 3
   cols: 1
   dt: d
   data: [ -6.25726e+01, 3.021e-01,
       1.33e+00 ]
R1: !!opencv-matrix
   rows: 3
   cols: 3
   dt: d
   data: [ 9.9996549723039752e-01, 8.0890870722819790e-03,
       1.8897140262204987e-03, -8.0901078318563018e-03,
       9.9996713241411217e-01, 5.3314797787417897e-04,
       -1.8853392354670050e-03, -5.4841757303582381e-04,
       9.9999807236520855e-01 ]
R2: !!opencv-matrix
   rows: 3
   cols: 3
   dt: d
   data: [ 9.9965894159990043e-01, 9.8972791616427115e-03,
       -2.4167009425312642e-02, -9.9103480438077571e-03,
       9.9995080264428648e-01, -4.2106139411876825e-04,
       2.4161653110191632e-02, 6.6042126217618301e-04,
       9.9970784650453715e-01 ]
P1: !!opencv-matrix
   rows: 3
   cols: 4
   dt: d
   data: [ 5.6750399273838059e+02, 0., 3.4190837192535400e+02, 0., 0.,
       5.6750399273838059e+02, 2.5747231340408325e+02, 0., 0., 0., 1.,
       0. ]
P2: !!opencv-matrix
   rows: 3
   cols: 4
   dt: d
   data: [ 5.6750399273838059e+02, 0., 3.4190837192535400e+02,
       -3.5912104511940677e+04, 0., 5.6750399273838059e+02,
       2.5747231340408325e+02, 0., 0., 0., 1., 0. ]
Q: !!opencv-matrix
   rows: 4
   cols: 4
   dt: d
   data: [ 1., 0., 0., -3.4190837192535400e+02, 0., 1., 0.,
       -2.5747231340408325e+02, 0., 0., 0., 5.6750399273838059e+02, 0.,
       0., 1.5802582456555476e-02, 0. ]
