%YAML:1.0
M1: !!opencv-matrix
   rows: 3
   cols: 3
   dt: d
   data: [ 1.0531329101160150e+03, 0., 3.2201692204242113e+02, 0.,
       1.0525636805618235e+03, 3.0394660812958290e+02, 0., 0., 1. ]
D1: !!opencv-matrix
   rows: 5
   cols: 1
   dt: d
   data: [ -5.8520327240048763e-02, 4.2674454344907282e+00,
       6.0606429852739603e-03, -6.8250459273267190e-03,
       -2.5313151468514725e+01 ]
M2: !!opencv-matrix
   rows: 3
   cols: 3
   dt: d
   data: [ 1.0569788033372254e+03, 0., 2.4404715895236939e+02, 0.,
       1.0581633312662314e+03, 2.8871534681316297e+02, 0., 0., 1. ]
D2: !!opencv-matrix
   rows: 5
   cols: 1
   dt: d
   data: [ -1.1029436909901645e-01, 7.2606721225455066e+00,
       1.4021690289124417e-02, -2.4789715491487441e-02,
       -6.6200688506494373e+01 ]
